{
  "per_model": {
    "graspnet_backbone": {
      "l2_norm_mean": 7.748074531555176,
      "l2_norm_std": 2.0165512561798096
    },
    "vggt_raw": {
      "l2_norm_mean": 0.6585082411766052,
      "l2_norm_std": 0.0068931677378714085
    },
    "vggt_progressive_alpha05": {
      "l2_norm_mean": 4.486776828765869,
      "l2_norm_std": 0.9064760208129883
    },
    "vggt_distill": {
      "l2_norm_mean": 6.299168586730957,
      "l2_norm_std": 0.6321514844894409
    },
    "vggt_fusion_progressive_alpha05": {
      "l2_norm_mean": 4.486776828765869,
      "l2_norm_std": 0.9064760208129883
    },
    "vggt_prog_enc_lora": {
      "l2_norm_mean": 4.486776828765869,
      "l2_norm_std": 0.9064760208129883
    },
    "lift3d_clip_raw": {
      "l2_norm_mean": 3.4441192150115967,
      "l2_norm_std": 0.0918610617518425
    },
    "lift3d_clip_progressive_alpha05": {
      "l2_norm_mean": 5.8740034103393555,
      "l2_norm_std": 1.4869991540908813
    },
    "lift3d_dinov2_raw": {
      "l2_norm_mean": 5.526500701904297,
      "l2_norm_std": 0.2978653907775879
    },
    "lift3d_dinov2_progressive_alpha05": {
      "l2_norm_mean": 4.336020469665527,
      "l2_norm_std": 0.9225976467132568
    }
  },
  "top_k": 50,
  "topk_indices": {
    "graspnet_backbone": [
      629,
      44,
      853,
      1218,
      685,
      1562,
      2031,
      1109,
      1531,
      2040,
      1245,
      259,
      299,
      1886,
      1663,
      574,
      474,
      806,
      1719,
      961,
      1000,
      1415,
      799,
      56,
      175,
      1630,
      1692,
      1755,
      1565,
      1146,
      358,
      401,
      372,
      644,
      969,
      586,
      235,
      819,
      1633,
      68,
      846,
      989,
      1084,
      336,
      836,
      956,
      1243,
      1703,
      1479,
      1795
    ],
    "vggt_raw": [
      1914,
      1125,
      1447,
      369,
      604,
      1700,
      1707,
      959,
      1126,
      1318,
      1142,
      1801,
      474,
      136,
      381,
      869,
      1785,
      1312,
      875,
      377,
      878,
      879,
      371,
      609,
      1122,
      1330,
      905,
      1719,
      1716,
      1357,
      948,
      490,
      212,
      1098,
      1634,
      583,
      935,
      1687,
      1352,
      1655,
      1658,
      1662,
      193,
      923,
      1105,
      361,
      912,
      1334,
      1351,
      1729
    ],
    "vggt_progressive_alpha05": [
      629,
      44,
      853,
      1218,
      685,
      1562,
      2031,
      799,
      56,
      1663,
      574,
      1886,
      1565,
      644,
      175,
      1630,
      586,
      401,
      1692,
      1146,
      1755,
      372,
      969,
      358,
      2040,
      1245,
      299,
      259,
      1531,
      1109,
      1719,
      1415,
      806,
      1000,
      961,
      474,
      1479,
      1243,
      1703,
      819,
      836,
      1084,
      235,
      989,
      846,
      68,
      956,
      1633,
      336,
      1795
    ],
    "vggt_distill": [
      414,
      1068,
      2041,
      85,
      1932,
      400,
      461,
      351,
      1552,
      1132,
      1959,
      1889,
      1988,
      1058,
      528,
      2021,
      91,
      1497,
      1997,
      1063,
      1668,
      953,
      581,
      1506,
      2042,
      1484,
      449,
      909,
      1652,
      697,
      1343,
      997,
      417,
      793,
      145,
      842,
      302,
      1275,
      1578,
      729,
      840,
      1408,
      1979,
      632,
      1476,
      1624,
      1040,
      151,
      135,
      1003
    ],
    "vggt_fusion_progressive_alpha05": [
      629,
      44,
      853,
      1218,
      685,
      1562,
      2031,
      799,
      56,
      1663,
      574,
      1886,
      1565,
      644,
      175,
      1630,
      586,
      401,
      1692,
      1146,
      1755,
      372,
      969,
      358,
      2040,
      1245,
      299,
      259,
      1531,
      1109,
      1719,
      1415,
      806,
      1000,
      961,
      474,
      1479,
      1243,
      1703,
      819,
      836,
      1084,
      235,
      989,
      846,
      68,
      956,
      1633,
      336,
      1795
    ],
    "vggt_prog_enc_lora": [
      629,
      44,
      853,
      1218,
      685,
      1562,
      2031,
      799,
      56,
      1663,
      574,
      1886,
      1565,
      644,
      175,
      1630,
      586,
      401,
      1692,
      1146,
      1755,
      372,
      969,
      358,
      2040,
      1245,
      299,
      259,
      1531,
      1109,
      1719,
      1415,
      806,
      1000,
      961,
      474,
      1479,
      1243,
      1703,
      819,
      836,
      1084,
      235,
      989,
      846,
      68,
      956,
      1633,
      336,
      1795
    ],
    "lift3d_clip_raw": [
      2030,
      1808,
      1672,
      1115,
      1511,
      1925,
      207,
      493,
      1564,
      1756,
      31,
      1310,
      1313,
      1425,
      286,
      1454,
      1955,
      413,
      1718,
      507,
      618,
      1734,
      994,
      638,
      1008,
      647,
      407,
      1969,
      403,
      1896,
      899,
      1121,
      631,
      275,
      1936,
      1149,
      1973,
      1705,
      1783,
      190,
      1112,
      180,
      1293,
      1376,
      105,
      86,
      1486,
      1011,
      734,
      931
    ],
    "lift3d_clip_progressive_alpha05": [
      629,
      44,
      853,
      1218,
      685,
      2031,
      1562,
      1663,
      1886,
      574,
      1109,
      1531,
      2040,
      259,
      299,
      1245,
      799,
      56,
      474,
      806,
      1719,
      961,
      1000,
      1415,
      175,
      1630,
      1692,
      1755,
      1565,
      1146,
      969,
      644,
      586,
      401,
      372,
      358,
      1243,
      1479,
      1703,
      1633,
      846,
      819,
      336,
      989,
      235,
      1084,
      68,
      836,
      956,
      1795
    ],
    "lift3d_dinov2_raw": [
      1213,
      747,
      1173,
      1056,
      1776,
      572,
      1461,
      1535,
      7,
      1074,
      908,
      357,
      1126,
      1131,
      476,
      1284,
      1644,
      1125,
      1447,
      534,
      1103,
      1770,
      1514,
      1522,
      1030,
      1427,
      1510,
      1648,
      1230,
      1814,
      1993,
      832,
      1613,
      783,
      1738,
      2027,
      1355,
      98,
      359,
      865,
      562,
      1571,
      1914,
      1597,
      1825,
      87,
      672,
      706,
      1747,
      1911
    ],
    "lift3d_dinov2_progressive_alpha05": [
      44,
      629,
      1218,
      853,
      685,
      2031,
      1562,
      806,
      1719,
      961,
      474,
      1000,
      1415,
      1663,
      1886,
      574,
      1245,
      1109,
      2040,
      299,
      259,
      1531,
      56,
      799,
      235,
      1084,
      68,
      989,
      1633,
      956,
      846,
      836,
      819,
      336,
      358,
      1565,
      1630,
      1755,
      175,
      372,
      1692,
      401,
      586,
      644,
      1146,
      969,
      1703,
      1479,
      1243,
      1795
    ]
  },
  "pairwise_topk_overlap": [
    {
      "a": "graspnet_backbone",
      "b": "vggt_raw",
      "overlap_ratio": 0.04
    },
    {
      "a": "graspnet_backbone",
      "b": "vggt_progressive_alpha05",
      "overlap_ratio": 1.0
    },
    {
      "a": "graspnet_backbone",
      "b": "vggt_distill",
      "overlap_ratio": 0.0
    },
    {
      "a": "graspnet_backbone",
      "b": "vggt_fusion_progressive_alpha05",
      "overlap_ratio": 1.0
    },
    {
      "a": "graspnet_backbone",
      "b": "vggt_prog_enc_lora",
      "overlap_ratio": 1.0
    },
    {
      "a": "graspnet_backbone",
      "b": "lift3d_clip_raw",
      "overlap_ratio": 0.0
    },
    {
      "a": "graspnet_backbone",
      "b": "lift3d_clip_progressive_alpha05",
      "overlap_ratio": 1.0
    },
    {
      "a": "graspnet_backbone",
      "b": "lift3d_dinov2_raw",
      "overlap_ratio": 0.0
    },
    {
      "a": "graspnet_backbone",
      "b": "lift3d_dinov2_progressive_alpha05",
      "overlap_ratio": 1.0
    },
    {
      "a": "vggt_raw",
      "b": "vggt_progressive_alpha05",
      "overlap_ratio": 0.04
    },
    {
      "a": "vggt_raw",
      "b": "vggt_distill",
      "overlap_ratio": 0.0
    },
    {
      "a": "vggt_raw",
      "b": "vggt_fusion_progressive_alpha05",
      "overlap_ratio": 0.04
    },
    {
      "a": "vggt_raw",
      "b": "vggt_prog_enc_lora",
      "overlap_ratio": 0.04
    },
    {
      "a": "vggt_raw",
      "b": "lift3d_clip_raw",
      "overlap_ratio": 0.0
    },
    {
      "a": "vggt_raw",
      "b": "lift3d_clip_progressive_alpha05",
      "overlap_ratio": 0.04
    },
    {
      "a": "vggt_raw",
      "b": "lift3d_dinov2_raw",
      "overlap_ratio": 0.08
    },
    {
      "a": "vggt_raw",
      "b": "lift3d_dinov2_progressive_alpha05",
      "overlap_ratio": 0.04
    },
    {
      "a": "vggt_progressive_alpha05",
      "b": "vggt_distill",
      "overlap_ratio": 0.0
    },
    {
      "a": "vggt_progressive_alpha05",
      "b": "vggt_fusion_progressive_alpha05",
      "overlap_ratio": 1.0
    },
    {
      "a": "vggt_progressive_alpha05",
      "b": "vggt_prog_enc_lora",
      "overlap_ratio": 1.0
    },
    {
      "a": "vggt_progressive_alpha05",
      "b": "lift3d_clip_raw",
      "overlap_ratio": 0.0
    },
    {
      "a": "vggt_progressive_alpha05",
      "b": "lift3d_clip_progressive_alpha05",
      "overlap_ratio": 1.0
    },
    {
      "a": "vggt_progressive_alpha05",
      "b": "lift3d_dinov2_raw",
      "overlap_ratio": 0.0
    },
    {
      "a": "vggt_progressive_alpha05",
      "b": "lift3d_dinov2_progressive_alpha05",
      "overlap_ratio": 1.0
    },
    {
      "a": "vggt_distill",
      "b": "vggt_fusion_progressive_alpha05",
      "overlap_ratio": 0.0
    },
    {
      "a": "vggt_distill",
      "b": "vggt_prog_enc_lora",
      "overlap_ratio": 0.0
    },
    {
      "a": "vggt_distill",
      "b": "lift3d_clip_raw",
      "overlap_ratio": 0.0
    },
    {
      "a": "vggt_distill",
      "b": "lift3d_clip_progressive_alpha05",
      "overlap_ratio": 0.0
    },
    {
      "a": "vggt_distill",
      "b": "lift3d_dinov2_raw",
      "overlap_ratio": 0.0
    },
    {
      "a": "vggt_distill",
      "b": "lift3d_dinov2_progressive_alpha05",
      "overlap_ratio": 0.0
    },
    {
      "a": "vggt_fusion_progressive_alpha05",
      "b": "vggt_prog_enc_lora",
      "overlap_ratio": 1.0
    },
    {
      "a": "vggt_fusion_progressive_alpha05",
      "b": "lift3d_clip_raw",
      "overlap_ratio": 0.0
    },
    {
      "a": "vggt_fusion_progressive_alpha05",
      "b": "lift3d_clip_progressive_alpha05",
      "overlap_ratio": 1.0
    },
    {
      "a": "vggt_fusion_progressive_alpha05",
      "b": "lift3d_dinov2_raw",
      "overlap_ratio": 0.0
    },
    {
      "a": "vggt_fusion_progressive_alpha05",
      "b": "lift3d_dinov2_progressive_alpha05",
      "overlap_ratio": 1.0
    },
    {
      "a": "vggt_prog_enc_lora",
      "b": "lift3d_clip_raw",
      "overlap_ratio": 0.0
    },
    {
      "a": "vggt_prog_enc_lora",
      "b": "lift3d_clip_progressive_alpha05",
      "overlap_ratio": 1.0
    },
    {
      "a": "vggt_prog_enc_lora",
      "b": "lift3d_dinov2_raw",
      "overlap_ratio": 0.0
    },
    {
      "a": "vggt_prog_enc_lora",
      "b": "lift3d_dinov2_progressive_alpha05",
      "overlap_ratio": 1.0
    },
    {
      "a": "lift3d_clip_raw",
      "b": "lift3d_clip_progressive_alpha05",
      "overlap_ratio": 0.0
    },
    {
      "a": "lift3d_clip_raw",
      "b": "lift3d_dinov2_raw",
      "overlap_ratio": 0.0
    },
    {
      "a": "lift3d_clip_raw",
      "b": "lift3d_dinov2_progressive_alpha05",
      "overlap_ratio": 0.0
    },
    {
      "a": "lift3d_clip_progressive_alpha05",
      "b": "lift3d_dinov2_raw",
      "overlap_ratio": 0.0
    },
    {
      "a": "lift3d_clip_progressive_alpha05",
      "b": "lift3d_dinov2_progressive_alpha05",
      "overlap_ratio": 1.0
    },
    {
      "a": "lift3d_dinov2_raw",
      "b": "lift3d_dinov2_progressive_alpha05",
      "overlap_ratio": 0.0
    }
  ],
  "gt_grasp_resolution": {
    "source": "none",
    "dataset_attempt": "label_npz_not_found:tried=/mnt/ssd/ziyaochen/GraspClutter6D/scenes/000009/label/1.npz"
  },
  "grasp_alignment_analysis": null,
  "feature_norm_pearson": {
    "model_names": [
      "graspnet_backbone",
      "lift3d_clip_progressive_alpha05",
      "lift3d_clip_raw",
      "lift3d_dinov2_progressive_alpha05",
      "lift3d_dinov2_raw",
      "vggt_distill",
      "vggt_fusion_progressive_alpha05",
      "vggt_prog_enc_lora",
      "vggt_progressive_alpha05",
      "vggt_raw"
    ],
    "matrix": [
      [
        1.0,
        0.9997680575405669,
        -0.15481248263346398,
        0.9982015623287023,
        0.09469930553851942,
        0.2565341646208771,
        0.9971721574926329,
        0.9971721574926329,
        0.9971721574926329,
        0.08517618214408677
      ],
      [
        0.9997680575405669,
        1.0,
        -0.15606069298476222,
        0.9978146960944244,
        0.09380418795961006,
        0.25734479896063844,
        0.9967609911398256,
        0.9967609911398256,
        0.9967609911398256,
        0.08634142686465486
      ],
      [
        -0.15481248263346398,
        -0.15606069298476222,
        1.0,
        -0.15513317101110655,
        0.026345055225155303,
        -0.3231642595440179,
        -0.15051767578518563,
        -0.15051767578518563,
        -0.15051767578518563,
        -0.3821022033330018
      ],
      [
        0.9982015623287023,
        0.9978146960944244,
        -0.15513317101110655,
        1.0,
        0.10547499065800316,
        0.24938738819871523,
        0.9962272102172957,
        0.9962272102172957,
        0.9962272102172957,
        0.08474333488013815
      ],
      [
        0.09469930553851942,
        0.09380418795961006,
        0.026345055225155303,
        0.10547499065800316,
        1.0,
        -0.060848237875434114,
        0.09523392365028617,
        0.09523392365028617,
        0.09523392365028617,
        -0.09945067174113527
      ],
      [
        0.2565341646208771,
        0.25734479896063844,
        -0.3231642595440179,
        0.24938738819871523,
        -0.060848237875434114,
        1.0,
        0.24284456136833527,
        0.24284456136833527,
        0.24284456136833527,
        0.6500226259092889
      ],
      [
        0.9971721574926329,
        0.9967609911398256,
        -0.15051767578518563,
        0.9962272102172957,
        0.09523392365028617,
        0.24284456136833527,
        1.0,
        1.0,
        1.0,
        0.08266636319867046
      ],
      [
        0.9971721574926329,
        0.9967609911398256,
        -0.15051767578518563,
        0.9962272102172957,
        0.09523392365028617,
        0.24284456136833527,
        1.0,
        1.0,
        1.0,
        0.08266636319867046
      ],
      [
        0.9971721574926329,
        0.9967609911398256,
        -0.15051767578518563,
        0.9962272102172957,
        0.09523392365028617,
        0.24284456136833527,
        1.0,
        1.0,
        1.0,
        0.08266636319867046
      ],
      [
        0.08517618214408677,
        0.08634142686465486,
        -0.3821022033330018,
        0.08474333488013815,
        -0.09945067174113527,
        0.6500226259092889,
        0.08266636319867046,
        0.08266636319867046,
        0.08266636319867046,
        1.0
      ]
    ],
    "pairwise_list": [
      {
        "model_a": "graspnet_backbone",
        "model_b": "lift3d_clip_progressive_alpha05",
        "pearson_r": 0.9997680575405669
      },
      {
        "model_a": "graspnet_backbone",
        "model_b": "lift3d_clip_raw",
        "pearson_r": -0.15481248263346398
      },
      {
        "model_a": "graspnet_backbone",
        "model_b": "lift3d_dinov2_progressive_alpha05",
        "pearson_r": 0.9982015623287023
      },
      {
        "model_a": "graspnet_backbone",
        "model_b": "lift3d_dinov2_raw",
        "pearson_r": 0.09469930553851942
      },
      {
        "model_a": "graspnet_backbone",
        "model_b": "vggt_distill",
        "pearson_r": 0.2565341646208771
      },
      {
        "model_a": "graspnet_backbone",
        "model_b": "vggt_fusion_progressive_alpha05",
        "pearson_r": 0.9971721574926329
      },
      {
        "model_a": "graspnet_backbone",
        "model_b": "vggt_prog_enc_lora",
        "pearson_r": 0.9971721574926329
      },
      {
        "model_a": "graspnet_backbone",
        "model_b": "vggt_progressive_alpha05",
        "pearson_r": 0.9971721574926329
      },
      {
        "model_a": "graspnet_backbone",
        "model_b": "vggt_raw",
        "pearson_r": 0.08517618214408677
      },
      {
        "model_a": "lift3d_clip_progressive_alpha05",
        "model_b": "lift3d_clip_raw",
        "pearson_r": -0.15606069298476222
      },
      {
        "model_a": "lift3d_clip_progressive_alpha05",
        "model_b": "lift3d_dinov2_progressive_alpha05",
        "pearson_r": 0.9978146960944244
      },
      {
        "model_a": "lift3d_clip_progressive_alpha05",
        "model_b": "lift3d_dinov2_raw",
        "pearson_r": 0.09380418795961006
      },
      {
        "model_a": "lift3d_clip_progressive_alpha05",
        "model_b": "vggt_distill",
        "pearson_r": 0.25734479896063844
      },
      {
        "model_a": "lift3d_clip_progressive_alpha05",
        "model_b": "vggt_fusion_progressive_alpha05",
        "pearson_r": 0.9967609911398256
      },
      {
        "model_a": "lift3d_clip_progressive_alpha05",
        "model_b": "vggt_prog_enc_lora",
        "pearson_r": 0.9967609911398256
      },
      {
        "model_a": "lift3d_clip_progressive_alpha05",
        "model_b": "vggt_progressive_alpha05",
        "pearson_r": 0.9967609911398256
      },
      {
        "model_a": "lift3d_clip_progressive_alpha05",
        "model_b": "vggt_raw",
        "pearson_r": 0.08634142686465486
      },
      {
        "model_a": "lift3d_clip_raw",
        "model_b": "lift3d_dinov2_progressive_alpha05",
        "pearson_r": -0.15513317101110655
      },
      {
        "model_a": "lift3d_clip_raw",
        "model_b": "lift3d_dinov2_raw",
        "pearson_r": 0.026345055225155303
      },
      {
        "model_a": "lift3d_clip_raw",
        "model_b": "vggt_distill",
        "pearson_r": -0.3231642595440179
      },
      {
        "model_a": "lift3d_clip_raw",
        "model_b": "vggt_fusion_progressive_alpha05",
        "pearson_r": -0.15051767578518563
      },
      {
        "model_a": "lift3d_clip_raw",
        "model_b": "vggt_prog_enc_lora",
        "pearson_r": -0.15051767578518563
      },
      {
        "model_a": "lift3d_clip_raw",
        "model_b": "vggt_progressive_alpha05",
        "pearson_r": -0.15051767578518563
      },
      {
        "model_a": "lift3d_clip_raw",
        "model_b": "vggt_raw",
        "pearson_r": -0.3821022033330018
      },
      {
        "model_a": "lift3d_dinov2_progressive_alpha05",
        "model_b": "lift3d_dinov2_raw",
        "pearson_r": 0.10547499065800316
      },
      {
        "model_a": "lift3d_dinov2_progressive_alpha05",
        "model_b": "vggt_distill",
        "pearson_r": 0.24938738819871523
      },
      {
        "model_a": "lift3d_dinov2_progressive_alpha05",
        "model_b": "vggt_fusion_progressive_alpha05",
        "pearson_r": 0.9962272102172957
      },
      {
        "model_a": "lift3d_dinov2_progressive_alpha05",
        "model_b": "vggt_prog_enc_lora",
        "pearson_r": 0.9962272102172957
      },
      {
        "model_a": "lift3d_dinov2_progressive_alpha05",
        "model_b": "vggt_progressive_alpha05",
        "pearson_r": 0.9962272102172957
      },
      {
        "model_a": "lift3d_dinov2_progressive_alpha05",
        "model_b": "vggt_raw",
        "pearson_r": 0.08474333488013815
      },
      {
        "model_a": "lift3d_dinov2_raw",
        "model_b": "vggt_distill",
        "pearson_r": -0.060848237875434114
      },
      {
        "model_a": "lift3d_dinov2_raw",
        "model_b": "vggt_fusion_progressive_alpha05",
        "pearson_r": 0.09523392365028617
      },
      {
        "model_a": "lift3d_dinov2_raw",
        "model_b": "vggt_prog_enc_lora",
        "pearson_r": 0.09523392365028617
      },
      {
        "model_a": "lift3d_dinov2_raw",
        "model_b": "vggt_progressive_alpha05",
        "pearson_r": 0.09523392365028617
      },
      {
        "model_a": "lift3d_dinov2_raw",
        "model_b": "vggt_raw",
        "pearson_r": -0.09945067174113527
      },
      {
        "model_a": "vggt_distill",
        "model_b": "vggt_fusion_progressive_alpha05",
        "pearson_r": 0.24284456136833527
      },
      {
        "model_a": "vggt_distill",
        "model_b": "vggt_prog_enc_lora",
        "pearson_r": 0.24284456136833527
      },
      {
        "model_a": "vggt_distill",
        "model_b": "vggt_progressive_alpha05",
        "pearson_r": 0.24284456136833527
      },
      {
        "model_a": "vggt_distill",
        "model_b": "vggt_raw",
        "pearson_r": 0.6500226259092889
      },
      {
        "model_a": "vggt_fusion_progressive_alpha05",
        "model_b": "vggt_prog_enc_lora",
        "pearson_r": 1.0
      },
      {
        "model_a": "vggt_fusion_progressive_alpha05",
        "model_b": "vggt_progressive_alpha05",
        "pearson_r": 1.0
      },
      {
        "model_a": "vggt_fusion_progressive_alpha05",
        "model_b": "vggt_raw",
        "pearson_r": 0.08266636319867046
      },
      {
        "model_a": "vggt_prog_enc_lora",
        "model_b": "vggt_progressive_alpha05",
        "pearson_r": 1.0
      },
      {
        "model_a": "vggt_prog_enc_lora",
        "model_b": "vggt_raw",
        "pearson_r": 0.08266636319867046
      },
      {
        "model_a": "vggt_progressive_alpha05",
        "model_b": "vggt_raw",
        "pearson_r": 0.08266636319867046
      }
    ]
  },
  "concentration": {
    "per_model": {
      "graspnet_backbone": {
        "entropy_of_normalized_norms": 7.592236715258981,
        "topk_energy_ratio": 0.040747179058942755
      },
      "vggt_raw": {
        "entropy_of_normalized_norms": 7.624564161938496,
        "topk_energy_ratio": 0.02479894894318753
      },
      "vggt_progressive_alpha05": {
        "entropy_of_normalized_norms": 7.60505639001343,
        "topk_energy_ratio": 0.037408642803405334
      },
      "vggt_distill": {
        "entropy_of_normalized_norms": 7.619611430086179,
        "topk_energy_ratio": 0.028629601809494736
      },
      "vggt_fusion_progressive_alpha05": {
        "entropy_of_normalized_norms": 7.60505639001343,
        "topk_energy_ratio": 0.037408642803405334
      },
      "vggt_prog_enc_lora": {
        "entropy_of_normalized_norms": 7.60505639001343,
        "topk_energy_ratio": 0.037408642803405334
      },
      "lift3d_clip_raw": {
        "entropy_of_normalized_norms": 7.624262576493681,
        "topk_energy_ratio": 0.025678513124165896
      },
      "lift3d_clip_progressive_alpha05": {
        "entropy_of_normalized_norms": 7.594025963184598,
        "topk_energy_ratio": 0.04045838674884454
      },
      "lift3d_dinov2_raw": {
        "entropy_of_normalized_norms": 7.623174612330088,
        "topk_energy_ratio": 0.027665169863389995
      },
      "lift3d_dinov2_progressive_alpha05": {
        "entropy_of_normalized_norms": 7.602895056747946,
        "topk_energy_ratio": 0.03777091316024184
      }
    },
    "top_k_used_for_energy_ratio": 50,
    "entropy_definition": "shannon_entropy_natural_log_of_normalized_nonnegative_scores"
  },
  "metrics_notes": {
    "feature_norm_pearson": "Pearson r between per-point L2 feature norms (same N as pc_common).",
    "concentration_entropy": "Entropy of p_i = norm_i / sum(norm), over all points.",
    "concentration_topk_energy": "sum of top-k norms / sum of all norms (same k as top_k_stats)."
  }
}