{
  "per_model": {
    "graspnet_backbone": {
      "l2_norm_mean": 7.748074531555176,
      "l2_norm_std": 2.0165512561798096
    },
    "vggt_raw": {
      "l2_norm_mean": 0.6413275599479675,
      "l2_norm_std": 0.006104676518589258
    },
    "vggt_progressive_alpha05": {
      "l2_norm_mean": 4.486776828765869,
      "l2_norm_std": 0.9064760208129883
    },
    "vggt_distill": {
      "l2_norm_mean": 6.299168586730957,
      "l2_norm_std": 0.6321514844894409
    },
    "vggt_fusion_progressive_alpha05": {
      "l2_norm_mean": 4.486776828765869,
      "l2_norm_std": 0.9064760208129883
    },
    "vggt_prog_enc_lora": {
      "l2_norm_mean": 4.486776828765869,
      "l2_norm_std": 0.9064760208129883
    },
    "lift3d_clip_raw": {
      "l2_norm_mean": 3.3100404739379883,
      "l2_norm_std": 0.0973871499300003
    },
    "lift3d_clip_progressive_alpha05": {
      "l2_norm_mean": 5.867038249969482,
      "l2_norm_std": 1.4877731800079346
    },
    "lift3d_dinov2_raw": {
      "l2_norm_mean": 5.823729515075684,
      "l2_norm_std": 0.33711522817611694
    },
    "lift3d_dinov2_progressive_alpha05": {
      "l2_norm_mean": 4.336020469665527,
      "l2_norm_std": 0.9225976467132568
    }
  },
  "top_k": 50,
  "topk_indices": {
    "graspnet_backbone": [
      629,
      44,
      853,
      1218,
      685,
      1562,
      2031,
      1109,
      1531,
      2040,
      1245,
      259,
      299,
      1886,
      1663,
      574,
      474,
      806,
      1719,
      961,
      1000,
      1415,
      799,
      56,
      175,
      1630,
      1692,
      1755,
      1565,
      1146,
      358,
      401,
      372,
      644,
      969,
      586,
      235,
      819,
      1633,
      68,
      846,
      989,
      1084,
      336,
      836,
      956,
      1243,
      1703,
      1479,
      1795
    ],
    "vggt_raw": [
      1447,
      1125,
      1914,
      969,
      974,
      973,
      971,
      1057,
      965,
      906,
      907,
      876,
      880,
      881,
      882,
      883,
      886,
      890,
      891,
      892,
      898,
      900,
      902,
      903,
      980,
      984,
      991,
      1060,
      1055,
      1053,
      1048,
      1044,
      1043,
      1042,
      1041,
      1039,
      1033,
      985,
      1028,
      1025,
      1024,
      1022,
      1017,
      1016,
      1015,
      1012,
      1002,
      998,
      1027,
      949
    ],
    "vggt_progressive_alpha05": [
      629,
      44,
      853,
      1218,
      685,
      1562,
      2031,
      799,
      56,
      1663,
      574,
      1886,
      1565,
      644,
      175,
      1630,
      586,
      401,
      1692,
      1146,
      1755,
      372,
      969,
      358,
      2040,
      1245,
      299,
      259,
      1531,
      1109,
      1719,
      1415,
      806,
      1000,
      961,
      474,
      1479,
      1243,
      1703,
      819,
      836,
      1084,
      235,
      989,
      846,
      68,
      956,
      1633,
      336,
      1795
    ],
    "vggt_distill": [
      414,
      1068,
      2041,
      85,
      1932,
      400,
      461,
      351,
      1552,
      1132,
      1959,
      1889,
      1988,
      1058,
      528,
      2021,
      91,
      1497,
      1997,
      1063,
      1668,
      953,
      581,
      1506,
      2042,
      1484,
      449,
      909,
      1652,
      697,
      1343,
      997,
      417,
      793,
      145,
      842,
      302,
      1275,
      1578,
      729,
      840,
      1408,
      1979,
      632,
      1476,
      1624,
      1040,
      151,
      135,
      1003
    ],
    "vggt_fusion_progressive_alpha05": [
      629,
      44,
      853,
      1218,
      685,
      1562,
      2031,
      799,
      56,
      1663,
      574,
      1886,
      1565,
      644,
      175,
      1630,
      586,
      401,
      1692,
      1146,
      1755,
      372,
      969,
      358,
      2040,
      1245,
      299,
      259,
      1531,
      1109,
      1719,
      1415,
      806,
      1000,
      961,
      474,
      1479,
      1243,
      1703,
      819,
      836,
      1084,
      235,
      989,
      846,
      68,
      956,
      1633,
      336,
      1795
    ],
    "vggt_prog_enc_lora": [
      629,
      44,
      853,
      1218,
      685,
      1562,
      2031,
      799,
      56,
      1663,
      574,
      1886,
      1565,
      644,
      175,
      1630,
      586,
      401,
      1692,
      1146,
      1755,
      372,
      969,
      358,
      2040,
      1245,
      299,
      259,
      1531,
      1109,
      1719,
      1415,
      806,
      1000,
      961,
      474,
      1479,
      1243,
      1703,
      819,
      836,
      1084,
      235,
      989,
      846,
      68,
      956,
      1633,
      336,
      1795
    ],
    "lift3d_clip_raw": [
      1092,
      1391,
      612,
      1007,
      369,
      1928,
      1463,
      1899,
      474,
      1877,
      490,
      93,
      1105,
      501,
      397,
      1415,
      321,
      402,
      1944,
      1855,
      320,
      1122,
      1807,
      1933,
      310,
      761,
      664,
      1000,
      990,
      1707,
      961,
      1010,
      1716,
      1719,
      923,
      1977,
      2022,
      905,
      1,
      1312,
      1687,
      879,
      875,
      1746,
      1582,
      806,
      767,
      157,
      127,
      1177
    ],
    "lift3d_clip_progressive_alpha05": [
      629,
      44,
      853,
      1218,
      685,
      2031,
      1562,
      1109,
      1531,
      2040,
      1245,
      259,
      299,
      1886,
      1663,
      574,
      799,
      56,
      474,
      806,
      1719,
      961,
      1000,
      1415,
      175,
      1755,
      1630,
      1692,
      1565,
      1146,
      969,
      644,
      586,
      401,
      372,
      358,
      989,
      68,
      956,
      235,
      846,
      336,
      1084,
      836,
      819,
      1633,
      1703,
      1243,
      1479,
      1795
    ],
    "lift3d_dinov2_raw": [
      435,
      834,
      1588,
      1603,
      376,
      1078,
      8,
      2017,
      1332,
      63,
      1769,
      1417,
      367,
      820,
      587,
      1272,
      724,
      1939,
      989,
      1084,
      956,
      836,
      1633,
      235,
      68,
      819,
      336,
      846,
      961,
      474,
      806,
      1415,
      1000,
      1719,
      843,
      1606,
      889,
      584,
      1371,
      409,
      1240,
      194,
      695,
      1459,
      954,
      603,
      1636,
      95,
      1311,
      406
    ],
    "lift3d_dinov2_progressive_alpha05": [
      44,
      629,
      1218,
      853,
      685,
      2031,
      1562,
      806,
      1719,
      961,
      474,
      1000,
      1415,
      1663,
      1886,
      574,
      1245,
      1109,
      2040,
      299,
      259,
      1531,
      56,
      799,
      235,
      1084,
      68,
      989,
      1633,
      956,
      846,
      836,
      819,
      336,
      358,
      1565,
      1630,
      1755,
      175,
      372,
      1692,
      401,
      586,
      644,
      1146,
      969,
      1703,
      1479,
      1243,
      1795
    ]
  },
  "pairwise_topk_overlap": [
    {
      "a": "graspnet_backbone",
      "b": "vggt_raw",
      "overlap_ratio": 0.02
    },
    {
      "a": "graspnet_backbone",
      "b": "vggt_progressive_alpha05",
      "overlap_ratio": 1.0
    },
    {
      "a": "graspnet_backbone",
      "b": "vggt_distill",
      "overlap_ratio": 0.0
    },
    {
      "a": "graspnet_backbone",
      "b": "vggt_fusion_progressive_alpha05",
      "overlap_ratio": 1.0
    },
    {
      "a": "graspnet_backbone",
      "b": "vggt_prog_enc_lora",
      "overlap_ratio": 1.0
    },
    {
      "a": "graspnet_backbone",
      "b": "lift3d_clip_raw",
      "overlap_ratio": 0.12
    },
    {
      "a": "graspnet_backbone",
      "b": "lift3d_clip_progressive_alpha05",
      "overlap_ratio": 1.0
    },
    {
      "a": "graspnet_backbone",
      "b": "lift3d_dinov2_raw",
      "overlap_ratio": 0.32
    },
    {
      "a": "graspnet_backbone",
      "b": "lift3d_dinov2_progressive_alpha05",
      "overlap_ratio": 1.0
    },
    {
      "a": "vggt_raw",
      "b": "vggt_progressive_alpha05",
      "overlap_ratio": 0.02
    },
    {
      "a": "vggt_raw",
      "b": "vggt_distill",
      "overlap_ratio": 0.0
    },
    {
      "a": "vggt_raw",
      "b": "vggt_fusion_progressive_alpha05",
      "overlap_ratio": 0.02
    },
    {
      "a": "vggt_raw",
      "b": "vggt_prog_enc_lora",
      "overlap_ratio": 0.02
    },
    {
      "a": "vggt_raw",
      "b": "lift3d_clip_raw",
      "overlap_ratio": 0.0
    },
    {
      "a": "vggt_raw",
      "b": "lift3d_clip_progressive_alpha05",
      "overlap_ratio": 0.02
    },
    {
      "a": "vggt_raw",
      "b": "lift3d_dinov2_raw",
      "overlap_ratio": 0.0
    },
    {
      "a": "vggt_raw",
      "b": "lift3d_dinov2_progressive_alpha05",
      "overlap_ratio": 0.02
    },
    {
      "a": "vggt_progressive_alpha05",
      "b": "vggt_distill",
      "overlap_ratio": 0.0
    },
    {
      "a": "vggt_progressive_alpha05",
      "b": "vggt_fusion_progressive_alpha05",
      "overlap_ratio": 1.0
    },
    {
      "a": "vggt_progressive_alpha05",
      "b": "vggt_prog_enc_lora",
      "overlap_ratio": 1.0
    },
    {
      "a": "vggt_progressive_alpha05",
      "b": "lift3d_clip_raw",
      "overlap_ratio": 0.12
    },
    {
      "a": "vggt_progressive_alpha05",
      "b": "lift3d_clip_progressive_alpha05",
      "overlap_ratio": 1.0
    },
    {
      "a": "vggt_progressive_alpha05",
      "b": "lift3d_dinov2_raw",
      "overlap_ratio": 0.32
    },
    {
      "a": "vggt_progressive_alpha05",
      "b": "lift3d_dinov2_progressive_alpha05",
      "overlap_ratio": 1.0
    },
    {
      "a": "vggt_distill",
      "b": "vggt_fusion_progressive_alpha05",
      "overlap_ratio": 0.0
    },
    {
      "a": "vggt_distill",
      "b": "vggt_prog_enc_lora",
      "overlap_ratio": 0.0
    },
    {
      "a": "vggt_distill",
      "b": "lift3d_clip_raw",
      "overlap_ratio": 0.0
    },
    {
      "a": "vggt_distill",
      "b": "lift3d_clip_progressive_alpha05",
      "overlap_ratio": 0.0
    },
    {
      "a": "vggt_distill",
      "b": "lift3d_dinov2_raw",
      "overlap_ratio": 0.0
    },
    {
      "a": "vggt_distill",
      "b": "lift3d_dinov2_progressive_alpha05",
      "overlap_ratio": 0.0
    },
    {
      "a": "vggt_fusion_progressive_alpha05",
      "b": "vggt_prog_enc_lora",
      "overlap_ratio": 1.0
    },
    {
      "a": "vggt_fusion_progressive_alpha05",
      "b": "lift3d_clip_raw",
      "overlap_ratio": 0.12
    },
    {
      "a": "vggt_fusion_progressive_alpha05",
      "b": "lift3d_clip_progressive_alpha05",
      "overlap_ratio": 1.0
    },
    {
      "a": "vggt_fusion_progressive_alpha05",
      "b": "lift3d_dinov2_raw",
      "overlap_ratio": 0.32
    },
    {
      "a": "vggt_fusion_progressive_alpha05",
      "b": "lift3d_dinov2_progressive_alpha05",
      "overlap_ratio": 1.0
    },
    {
      "a": "vggt_prog_enc_lora",
      "b": "lift3d_clip_raw",
      "overlap_ratio": 0.12
    },
    {
      "a": "vggt_prog_enc_lora",
      "b": "lift3d_clip_progressive_alpha05",
      "overlap_ratio": 1.0
    },
    {
      "a": "vggt_prog_enc_lora",
      "b": "lift3d_dinov2_raw",
      "overlap_ratio": 0.32
    },
    {
      "a": "vggt_prog_enc_lora",
      "b": "lift3d_dinov2_progressive_alpha05",
      "overlap_ratio": 1.0
    },
    {
      "a": "lift3d_clip_raw",
      "b": "lift3d_clip_progressive_alpha05",
      "overlap_ratio": 0.12
    },
    {
      "a": "lift3d_clip_raw",
      "b": "lift3d_dinov2_raw",
      "overlap_ratio": 0.12
    },
    {
      "a": "lift3d_clip_raw",
      "b": "lift3d_dinov2_progressive_alpha05",
      "overlap_ratio": 0.12
    },
    {
      "a": "lift3d_clip_progressive_alpha05",
      "b": "lift3d_dinov2_raw",
      "overlap_ratio": 0.32
    },
    {
      "a": "lift3d_clip_progressive_alpha05",
      "b": "lift3d_dinov2_progressive_alpha05",
      "overlap_ratio": 1.0
    },
    {
      "a": "lift3d_dinov2_raw",
      "b": "lift3d_dinov2_progressive_alpha05",
      "overlap_ratio": 0.32
    }
  ],
  "grasp_alignment_analysis": null,
  "feature_norm_pearson": {
    "model_names": [
      "graspnet_backbone",
      "lift3d_clip_progressive_alpha05",
      "lift3d_clip_raw",
      "lift3d_dinov2_progressive_alpha05",
      "lift3d_dinov2_raw",
      "vggt_distill",
      "vggt_fusion_progressive_alpha05",
      "vggt_prog_enc_lora",
      "vggt_progressive_alpha05",
      "vggt_raw"
    ],
    "matrix": [
      [
        1.0,
        0.999773996598991,
        0.12937484538704647,
        0.9982015623287023,
        0.13549163191796518,
        0.2565341646208771,
        0.9971721574926329,
        0.9971721574926329,
        0.9971721574926329,
        0.07940334329087687
      ],
      [
        0.999773996598991,
        1.0,
        0.12500638173417822,
        0.9979479458913022,
        0.137226763230102,
        0.2560325404948042,
        0.996994889864828,
        0.996994889864828,
        0.996994889864828,
        0.0823855211426154
      ],
      [
        0.12937484538704647,
        0.12500638173417822,
        1.0,
        0.1336450195768056,
        0.06762177212427538,
        0.03287830815599305,
        0.11531230360810407,
        0.11531230360810407,
        0.11531230360810407,
        -0.18864774155848738
      ],
      [
        0.9982015623287023,
        0.9979479458913022,
        0.1336450195768056,
        1.0,
        0.12406088645136819,
        0.24938738819871523,
        0.9962272102172957,
        0.9962272102172957,
        0.9962272102172957,
        0.07547072331397427
      ],
      [
        0.13549163191796518,
        0.137226763230102,
        0.06762177212427538,
        0.12406088645136819,
        1.0,
        0.14478582768739792,
        0.1319197830998152,
        0.1319197830998152,
        0.1319197830998152,
        -0.19286634607213946
      ],
      [
        0.2565341646208771,
        0.2560325404948042,
        0.03287830815599305,
        0.24938738819871523,
        0.14478582768739792,
        1.0,
        0.24284456136833527,
        0.24284456136833527,
        0.24284456136833527,
        0.6976003378085189
      ],
      [
        0.9971721574926329,
        0.996994889864828,
        0.11531230360810407,
        0.9962272102172957,
        0.1319197830998152,
        0.24284456136833527,
        1.0,
        1.0,
        1.0,
        0.07989632022200768
      ],
      [
        0.9971721574926329,
        0.996994889864828,
        0.11531230360810407,
        0.9962272102172957,
        0.1319197830998152,
        0.24284456136833527,
        1.0,
        1.0,
        1.0,
        0.07989632022200768
      ],
      [
        0.9971721574926329,
        0.996994889864828,
        0.11531230360810407,
        0.9962272102172957,
        0.1319197830998152,
        0.24284456136833527,
        1.0,
        1.0,
        1.0,
        0.07989632022200768
      ],
      [
        0.07940334329087687,
        0.0823855211426154,
        -0.18864774155848738,
        0.07547072331397427,
        -0.19286634607213946,
        0.6976003378085189,
        0.07989632022200768,
        0.07989632022200768,
        0.07989632022200768,
        1.0
      ]
    ],
    "pairwise_list": [
      {
        "model_a": "graspnet_backbone",
        "model_b": "lift3d_clip_progressive_alpha05",
        "pearson_r": 0.999773996598991
      },
      {
        "model_a": "graspnet_backbone",
        "model_b": "lift3d_clip_raw",
        "pearson_r": 0.12937484538704647
      },
      {
        "model_a": "graspnet_backbone",
        "model_b": "lift3d_dinov2_progressive_alpha05",
        "pearson_r": 0.9982015623287023
      },
      {
        "model_a": "graspnet_backbone",
        "model_b": "lift3d_dinov2_raw",
        "pearson_r": 0.13549163191796518
      },
      {
        "model_a": "graspnet_backbone",
        "model_b": "vggt_distill",
        "pearson_r": 0.2565341646208771
      },
      {
        "model_a": "graspnet_backbone",
        "model_b": "vggt_fusion_progressive_alpha05",
        "pearson_r": 0.9971721574926329
      },
      {
        "model_a": "graspnet_backbone",
        "model_b": "vggt_prog_enc_lora",
        "pearson_r": 0.9971721574926329
      },
      {
        "model_a": "graspnet_backbone",
        "model_b": "vggt_progressive_alpha05",
        "pearson_r": 0.9971721574926329
      },
      {
        "model_a": "graspnet_backbone",
        "model_b": "vggt_raw",
        "pearson_r": 0.07940334329087687
      },
      {
        "model_a": "lift3d_clip_progressive_alpha05",
        "model_b": "lift3d_clip_raw",
        "pearson_r": 0.12500638173417822
      },
      {
        "model_a": "lift3d_clip_progressive_alpha05",
        "model_b": "lift3d_dinov2_progressive_alpha05",
        "pearson_r": 0.9979479458913022
      },
      {
        "model_a": "lift3d_clip_progressive_alpha05",
        "model_b": "lift3d_dinov2_raw",
        "pearson_r": 0.137226763230102
      },
      {
        "model_a": "lift3d_clip_progressive_alpha05",
        "model_b": "vggt_distill",
        "pearson_r": 0.2560325404948042
      },
      {
        "model_a": "lift3d_clip_progressive_alpha05",
        "model_b": "vggt_fusion_progressive_alpha05",
        "pearson_r": 0.996994889864828
      },
      {
        "model_a": "lift3d_clip_progressive_alpha05",
        "model_b": "vggt_prog_enc_lora",
        "pearson_r": 0.996994889864828
      },
      {
        "model_a": "lift3d_clip_progressive_alpha05",
        "model_b": "vggt_progressive_alpha05",
        "pearson_r": 0.996994889864828
      },
      {
        "model_a": "lift3d_clip_progressive_alpha05",
        "model_b": "vggt_raw",
        "pearson_r": 0.0823855211426154
      },
      {
        "model_a": "lift3d_clip_raw",
        "model_b": "lift3d_dinov2_progressive_alpha05",
        "pearson_r": 0.1336450195768056
      },
      {
        "model_a": "lift3d_clip_raw",
        "model_b": "lift3d_dinov2_raw",
        "pearson_r": 0.06762177212427538
      },
      {
        "model_a": "lift3d_clip_raw",
        "model_b": "vggt_distill",
        "pearson_r": 0.03287830815599305
      },
      {
        "model_a": "lift3d_clip_raw",
        "model_b": "vggt_fusion_progressive_alpha05",
        "pearson_r": 0.11531230360810407
      },
      {
        "model_a": "lift3d_clip_raw",
        "model_b": "vggt_prog_enc_lora",
        "pearson_r": 0.11531230360810407
      },
      {
        "model_a": "lift3d_clip_raw",
        "model_b": "vggt_progressive_alpha05",
        "pearson_r": 0.11531230360810407
      },
      {
        "model_a": "lift3d_clip_raw",
        "model_b": "vggt_raw",
        "pearson_r": -0.18864774155848738
      },
      {
        "model_a": "lift3d_dinov2_progressive_alpha05",
        "model_b": "lift3d_dinov2_raw",
        "pearson_r": 0.12406088645136819
      },
      {
        "model_a": "lift3d_dinov2_progressive_alpha05",
        "model_b": "vggt_distill",
        "pearson_r": 0.24938738819871523
      },
      {
        "model_a": "lift3d_dinov2_progressive_alpha05",
        "model_b": "vggt_fusion_progressive_alpha05",
        "pearson_r": 0.9962272102172957
      },
      {
        "model_a": "lift3d_dinov2_progressive_alpha05",
        "model_b": "vggt_prog_enc_lora",
        "pearson_r": 0.9962272102172957
      },
      {
        "model_a": "lift3d_dinov2_progressive_alpha05",
        "model_b": "vggt_progressive_alpha05",
        "pearson_r": 0.9962272102172957
      },
      {
        "model_a": "lift3d_dinov2_progressive_alpha05",
        "model_b": "vggt_raw",
        "pearson_r": 0.07547072331397427
      },
      {
        "model_a": "lift3d_dinov2_raw",
        "model_b": "vggt_distill",
        "pearson_r": 0.14478582768739792
      },
      {
        "model_a": "lift3d_dinov2_raw",
        "model_b": "vggt_fusion_progressive_alpha05",
        "pearson_r": 0.1319197830998152
      },
      {
        "model_a": "lift3d_dinov2_raw",
        "model_b": "vggt_prog_enc_lora",
        "pearson_r": 0.1319197830998152
      },
      {
        "model_a": "lift3d_dinov2_raw",
        "model_b": "vggt_progressive_alpha05",
        "pearson_r": 0.1319197830998152
      },
      {
        "model_a": "lift3d_dinov2_raw",
        "model_b": "vggt_raw",
        "pearson_r": -0.19286634607213946
      },
      {
        "model_a": "vggt_distill",
        "model_b": "vggt_fusion_progressive_alpha05",
        "pearson_r": 0.24284456136833527
      },
      {
        "model_a": "vggt_distill",
        "model_b": "vggt_prog_enc_lora",
        "pearson_r": 0.24284456136833527
      },
      {
        "model_a": "vggt_distill",
        "model_b": "vggt_progressive_alpha05",
        "pearson_r": 0.24284456136833527
      },
      {
        "model_a": "vggt_distill",
        "model_b": "vggt_raw",
        "pearson_r": 0.6976003378085189
      },
      {
        "model_a": "vggt_fusion_progressive_alpha05",
        "model_b": "vggt_prog_enc_lora",
        "pearson_r": 1.0
      },
      {
        "model_a": "vggt_fusion_progressive_alpha05",
        "model_b": "vggt_progressive_alpha05",
        "pearson_r": 1.0
      },
      {
        "model_a": "vggt_fusion_progressive_alpha05",
        "model_b": "vggt_raw",
        "pearson_r": 0.07989632022200768
      },
      {
        "model_a": "vggt_prog_enc_lora",
        "model_b": "vggt_progressive_alpha05",
        "pearson_r": 1.0
      },
      {
        "model_a": "vggt_prog_enc_lora",
        "model_b": "vggt_raw",
        "pearson_r": 0.07989632022200768
      },
      {
        "model_a": "vggt_progressive_alpha05",
        "model_b": "vggt_raw",
        "pearson_r": 0.07989632022200768
      }
    ]
  },
  "concentration": {
    "per_model": {
      "graspnet_backbone": {
        "entropy_of_normalized_norms": 7.592236715258981,
        "topk_energy_ratio": 0.040747179058942755
      },
      "vggt_raw": {
        "entropy_of_normalized_norms": 7.624573636371197,
        "topk_energy_ratio": 0.024662683865364316
      },
      "vggt_progressive_alpha05": {
        "entropy_of_normalized_norms": 7.60505639001343,
        "topk_energy_ratio": 0.037408642803405334
      },
      "vggt_distill": {
        "entropy_of_normalized_norms": 7.619611430086179,
        "topk_energy_ratio": 0.028629601809494736
      },
      "vggt_fusion_progressive_alpha05": {
        "entropy_of_normalized_norms": 7.60505639001343,
        "topk_energy_ratio": 0.037408642803405334
      },
      "vggt_prog_enc_lora": {
        "entropy_of_normalized_norms": 7.60505639001343,
        "topk_energy_ratio": 0.037408642803405334
      },
      "lift3d_clip_raw": {
        "entropy_of_normalized_norms": 7.624187000363426,
        "topk_energy_ratio": 0.026280766693467416
      },
      "lift3d_clip_progressive_alpha05": {
        "entropy_of_normalized_norms": 7.5939211621931895,
        "topk_energy_ratio": 0.04050494444703368
      },
      "lift3d_dinov2_raw": {
        "entropy_of_normalized_norms": 7.622945127126561,
        "topk_energy_ratio": 0.027558792200765264
      },
      "lift3d_dinov2_progressive_alpha05": {
        "entropy_of_normalized_norms": 7.602895056747946,
        "topk_energy_ratio": 0.03777091316024184
      }
    },
    "top_k_used_for_energy_ratio": 50,
    "entropy_definition": "shannon_entropy_natural_log_of_normalized_nonnegative_scores"
  },
  "metrics_notes": {
    "feature_norm_pearson": "Pearson r between per-point L2 feature norms (same N as pc_common).",
    "concentration_entropy": "Entropy of p_i = norm_i / sum(norm), over all points.",
    "concentration_topk_energy": "sum of top-k norms / sum of all norms (same k as top_k_stats)."
  }
}